description,end,gene,gi,operon_id,sequence,start,strand
galactoside O-acetyltransferase,440986,lacA,110640619,205760,MIAMNMSMTERIKAGKLFTDMCEGLPEKRLRGKTLMYEFNHSHPSEFEKRESLIKEMFATVGENAWVEPPVYFSYGSNIHIGRNFYANFNLTIVDDYTVTIGDNVLIAPNVTLSVTGHPVHHELRKNGEMYSFPITIGNNVWIGSHVVINPGVTIGDNSVIGAGSVVTKDIPPNVVAAGVPCRVIREINDRDKQYYFKDFKVESSV,440366,-
galactoside permease,442296,lacY,110640620,205760,MYYLKNTNFWMFGLFFFFYFFIMGAYFPFFPIWLHDINHISKSDTGIIFAAISLFSLLFQPLFGLLSDKLGLRKYLLWIITGMLVMFAPFFIFIFGPLLQYNILVGSIVGGIYLGFCFNAGAPAVEAFIEKVSRRSNFEFGRARMFGCVGWALCASIVGIMFTINNQFVFWLGSGCALILAVLLFFAKTDAPSSATVANAVGANHSAFSLKLALELFRQPKLWFLSLYVIGVSCTYDVFDQQFANFFTSFFATGEQGTRVFGYVTTMGELLNASIMFFAPLIINRIGGKNALLLAGTIMSVRIIGSSFATSALEVVILKTLHMFEVPFLLVGCFKYITSQFEVRFSATIYLVCFCFFKQLAMIFMSVLAGNMYESIGFQGAYLVLGLVALGFTLISVFTLSGPGPLSLLRRQVNEVA,441043,-
beta-D-galactosidase,445422,lacZ,110640621,205760,MTMITDSLAVVLQRRDWENPGVTQLNRLAAHPPFASWRNSEEARTDRPSQQLRSLNGEWRFAWFPAPEAVPESWLECDLPDADTVVVPSNWQMHGYDAPIYTNVTYPITVNPPFVPAENPTGCYSLTFNIDESWLQEGQTRIIFDGVNSAFHLWCNGRWVGYGQDSRLPSEFDLSAFLRAGENRLAVMVLRWSDGSYLEDQDMWRMSGIFRDVSLLHKPTTQISDFQVTTRFNDDFSRAVLEAEVQMYGELRDELRVTVSLWQGETQVASGTAPFGGEIIDERGGYADRVTLRLNVENPELWSAEIPNLYRAVVELHTADGTLIEAEACDVGFREVRIENGLLLLNGKPLLIRGVNRHEHHPLHGQVMDEQTMVQDILLMKQNNFNAVRCSHYPNHPLWYTLCDRYGLYVVDEANIETHGMVPMNRLTDDPRWLPAMSERVTRMVQRDRNHPSVIIWSLGNESGHGANHDALYRWIKSVDPSRPVQYEGGGADTTATDIICPMYARVDEDQPFPAVPKWSIKKWLSLPGEMRPLILCEYAHAMGNSLGGFAKYWQAFRQYPRLQGGFVWDWVDQSLIKYDENGNPWSAYGGDFGDTPNDRQFCMNGLVFADRTPHPALTEAKHQQQFFQFRLSGRTIEVTSEYLFRHSDNEFLHWMVALDGKPLASGEVPLDVGPQGKQLIELPELPQPESAGQLWLTVRVVQPNATAWSEAGHISAWQQWRLAENLSVTLPSASHAIPQLTTSGTDFCIELGNKRWQFNRQSGFLSQMWIGDEKQLLTPLRDQFTRAPLDNDIGVSEATRIDPNAWVERWKAAGHYQAEAALLQCTADTLADAVLITTAHAWQHQGKTLFISRKTYRIDGHGEMVINVDVAVASDTPHPARVGLTCQLAQVAERVNWLGLGPQENYPDRLTAACFDRWDLPLSDMYTPYVFPSENGLRCGTRELNYGPHQWRGDFQFNISRYSQQQLMETSHRHLLHAEEGTWLNIDGFHMGIGGDDSWSPSVSAEFQLSAGHYHYQLVWCQK,442348,-
galactoside O-acetyltransferase,389389,lacA,117622620,236492,MRRERLIRPTYQGGMIAMNMSMTERIKAGKLFTDMCEGLPEKRLRGKTLMYEFNHSHPSEVDKRESLIKEMFATVGENAWVEPPVYFSYGSNIYIGRNFYANFNLTIVDDYTVTIGDNVLIAPNVTLSVTGHPVHHELRKNGEMYSFPITIGNNVWIGSHVVINPGVTIGDNSVIGAGSVVTKDIPPNVVAAGVPCRVIREINDRDKQYYFKDFKVESSV,388727,-
galactoside permease,390657,lacY,117622621,236492,MYYLKNTNFWMFGLFFFFYFFIMGAYFPFFPIWLHDINHISKSDTGIIFAAISLFSLLFQPLFGLLSDKLGLRKYLLWIITGMLVMFAPFFIFIFGPLLQYNILVGSIVGGIYLGFCFNAGAPAVEAFIEKVSRRSNFEFGRARMFGCVGWALCASIVGIMFTINNQFVFWLGSGCALILAVLLFFAKTDAPSSATVANAVGANHSAFSLKLALELFRQPKLWFLSLYVIGVSCTYDVFDQQFANFFTSFFATGEQGTRVFGYVTTMGELLNASIMFFAPLIINRIGGKNALLLAGTIMSVRIIGSSFATSALEVVILKTLHMFEVPFLLVGCFKYITSQFEVRFSATIYLVCFCFFKQLAMIFMSVLAGNMYESIGFQGAYLVLGLVALGFTLISVFTLSGPGPLSLLRRQVNEVA,389404,-